35 0.09766487423375282 0.012063800690715793
36 0.09683457221943151 0.017063800690715794
37 0.0962571612647383 0.02206380069071579
38 0.09593720765464968 0.027063800690715793
87 0.12126250987768956 0.016818902788826293
88 0.12048530955021977 0.02181890278882629
89 0.11991173142352586 0.02681890278882629
90 0.11954470648491014 0.03181890278882629
91 0.11938613974887886 0.03681890278882629
92 0.11943686147799745 0.041818902788826294
93 0.11969660561306604 0.04681890278882629
168 0.45760070044339224 -0.0005029985912432776
169 0.4528432750457154 0.004497001408756722
170 0.44809113187160465 0.009497001408756721
171 0.44334444077920054 0.014497001408756722
172 0.43860337878049727 0.019497001408756723
173 0.43386813041005284 0.02449700140875672
174 0.4291388881159116 0.029497001408756725
256 0.5186758017113439 0.010388417735682987
257 0.5139297118200882 0.015388417735682988
258 0.5091884819023821 0.020388417735682986
259 0.5044522489915433 0.02538841773568299
260 0.4997211551687597 0.030388417735682988
261 0.4949953477900304 0.03538841773568299
262 0.4902749797249975 0.04038841773568299
263 0.485560209608366 0.04538841773568299
264 0.4808512021046572 0.05038841773568299
265 0.4761481281870879 0.05538841773568298
266 0.4714511654314167 0.06038841773568299
267 0.46676049832565586 0.06538841773568299
268 0.46207631859660175 0.070388417735683
269 0.4573988255542003 0.07538841773568299
270 0.4527282264548294 0.08038841773568299
271 0.44806473688464804 0.085388417735683
272 0.4434085811642378 0.09038841773568299
273 0.438759992775841 0.09538841773568299
274 0.4341192148145825 0.100388417735683
337 0.4513127961846417 -0.0007113862290291494
338 0.4478372918817725 0.00428861377097085
339 0.4443908639924992 0.00928861377097085
340 0.44097419425630785 0.014288613770970848
341 0.4375879797252204 0.01928861377097085
342 0.4342329328828019 0.02428861377097085
343 0.43090978174091144 0.029288613770970848
394 0.521884348823259 0.08425028139283028
395 0.5172134705704551 0.08925028139283028
396 0.5125488022933943 0.09425028139283029
397 0.5078905150967588 0.09925028139283028
398 0.5032387861821751 0.10425028139283028
399 0.49859379911002394 0.10925028139283027
400 0.4939557440741274 0.11425028139283028
401 0.4893248181900064 0.11925028139283028
402 0.4847012257974399 0.12425028139283029
403 0.4800851787780985 0.1292502813928303
404 0.47547689688906736 0.1342502813928303
405 0.4708766081131178 0.13925028139283027
406 0.46628454902663535 0.14425028139283028
407 0.46170096518615894 0.14925028139283028
408 0.45712611153453997 0.15425028139283029
409 0.4525602528277827 0.1592502813928303
410 0.4480036640836821 0.1642502813928303
411 0.4434566310534353 0.16925028139283027
412 0.43891945071746435 0.17425028139283028
413 0.4343924318067461 0.17925028139283028
414 0.4298758953510147 0.18425028139283028
419 0.5065509352473845 -0.001138593009247622
420 0.5030783736158809 0.003861406990752379
421 0.4996317143656915 0.008861406990752378
422 0.49621149724688957 0.01386140699075238
423 0.4928182727943434 0.018861406990752377
424 0.4894526024039507 0.023861406990752378
425 0.4861150583966721 0.028861406990752375
426 0.4828062240692428 0.03386140699075238
427 0.4795266937303907 0.03886140699075238
428 0.4762770727213309 0.04386140699075238
429 0.47305797741925876 0.04886140699075238
430 0.4698700352225069 0.053861406990752383
431 0.4667138845159847 0.058861406990752374
432 0.4635901746154678 0.06386140699075238
433 0.4604995656892631 0.06886140699075238
434 0.45744272865573005 0.07386140699075237
435 0.45442034505510415 0.07886140699075238
436 0.4514331068940335 0.08386140699075238
437 0.44848171646121754 0.08886140699075237
438 0.44556688611251166 0.09386140699075238
439 0.4426893380238561 0.09886140699075238
440 0.43984980391038025 0.10386140699075237
441 0.4370490247100432 0.10886140699075238
442 0.43428775023019006 0.11386140699075237
443 0.4315667387554327 0.11886140699075237
444 0.4288867566153097 0.12386140699075238
498 0.5192389211234346 0.16516493923491415
499 0.5146628964522026 0.17016493923491416
500 0.5100948311438894 0.17516493923491416
501 0.5055349409633872 0.18016493923491417
502 0.5009834491377912 0.18516493923491417
503 0.4964405866618283 0.19016493923491418
504 0.4919065926172189 0.19516493923491418
505 0.48738171450663287 0.20016493923491416
506 0.482866208602929 0.20516493923491416
507 0.4783603403144012 0.21016493923491417
508 0.47386438456677893 0.21516493923491417
509 0.4693786262027645 0.22016493923491418
510 0.4649033603999189 0.22516493923491418
511 0.4604388931077384 0.23016493923491416
512 0.45598554150479564 0.23516493923491416
513 0.45154363447685103 0.24016493923491417
601 0.5219701785332368 0.24028798108551402
602 0.5174913746562575 0.24528798108551403
603 0.5130222006982027 0.25028798108551403
604 0.50856291053795 0.25528798108551404
605 0.504113766465899 0.26028798108551404
606 0.49967503950671666 0.26528798108551405
607 0.49524700975537733 0.27028798108551405
608 0.4908299667270192 0.27528798108551406
649 0.5217176631090804 0.05914671589584146
650 0.5185637087186105 0.06414671589584146
651 0.515438958558625 0.06914671589584147
652 0.5092792161476845 0.07914671589584146
653 0.5032428042207856 0.08914671589584146
654 0.5002722458821797 0.09414671589584146
655 0.49733421358277774 0.09914671589584147
656 0.4944292871584368 0.10414671589584146
657 0.4915580535399659 0.10914671589584146
658 0.488721106562833 0.11414671589584147
659 0.4859190467557327 0.11914671589584147
660 0.4831524811071552 0.12414671589584148
661 0.4804220228091131 0.12914671589584145
662 0.47772829097720393 0.13414671589584146
663 0.4750719103462127 0.13914671589584146
664 0.4724535109404945 0.14414671589584147
665 0.46987372771841585 0.14914671589584147
666 0.4673332001901854 0.15414671589584147
667 0.46483257200845984 0.15914671589584145
668 0.46237249053117335 0.16414671589584146
669 0.45995360635611937 0.16914671589584146
670 0.45757657282688763 0.17414671589584146
671 0.4552420455098584 0.17914671589584147
672 0.45295068164205254 0.18414671589584147
673 0.4507031395497484 0.18914671589584148
674 0.4485000780378973 0.19414671589584145
675 0.44634215575049596 0.19914671589584146
676 0.44423003050221627 0.20414671589584146
677 0.44216435858173825 0.20914671589584147
678 0.4401457940273881 0.21414671589584147
679 0.43817498787584847 0.21914671589584148
680 0.43625258738487727 0.22414671589584145
681 0.4343792352311514 0.22914671589584146
682 0.43255556868453326 0.23414671589584146
683 0.43078221876024547 0.23914671589584147
684 0.4290598093506312 0.24414671589584147
746 0.4393980086436441 -0.0009927180207053368
747 0.4369841072624952 0.004007281979294664
748 0.43461432327984767 0.009007281979294665
749 0.43228938224296 0.014007281979294663
750 0.43001001151136004 0.019007281979294664
850 0.5225386205822494 0.2621851098872819
851 0.5187818520341666 0.2721851098872819
852 0.5151918186462203 0.2821851098872819
853 0.5117720293255581 0.2921851098872819
854 0.5085259187101479 0.3021851098872819
855 0.505456832973895 0.3121851098872819
856 0.5025680152974321 0.3221851098872819
857 0.4998625911187993 0.3321851098872819
858 0.4973435532908816 0.3421851098872819
859 0.49501374728385067 0.3521851098872819
946 0.4770689363184318 0.0022106673673147007
947 0.4746864965427181 0.0072106673673147
948 0.4723449692756343 0.012210667367314701
949 0.4700449659341114 0.017210667367314702
950 0.4677870990097952 0.022210667367314703
951 0.46557198154528145 0.0272106673673147
952 0.46340022658604724 0.0322106673673147
953 0.46127244660829236 0.0372106673673147
954 0.45918925292301854 0.0422106673673147
955 0.4571512550567918 0.0472106673673147
956 0.45515906010975976 0.0522106673673147
957 0.4532132720916278 0.0572106673673147
958 0.45131449123643247 0.062210667367314704
959 0.44946331329709205 0.0672106673673147
960 0.4476603288208594 0.0722106673673147
961 0.4459061224069478 0.0772106673673147
962 0.4442012719477511 0.0822106673673147
963 0.4425463478552274 0.0872106673673147
964 0.44094191227416785 0.0922106673673147
965 0.43938851828421727 0.09721066736731471
966 0.43788670909266014 0.1022106673673147
967 0.4364370172201253 0.1072106673673147
968 0.435039963681499 0.1122106673673147
969 0.43369605716446163 0.1172106673673147
970 0.43240579320818534 0.1222106673673147
971 0.43116965338483637 0.1272106673673147
972 0.4299881044866241 0.1322106673673147
973 0.42886159772122284 0.1372106673673147
1010 0.42810602658687247 0.3222106673673147
1011 0.42919374412961797 0.3272106673673147
1012 0.43033680995239065 0.3322106673673147
1013 0.5165427087860209 -0.0004753442622950962
1014 0.5117825417108325 0.009524655737704904
1015 0.507174890939999 0.019524655737704906
1016 0.5027239500958751 0.029524655737704908
1017 0.4984339173852437 0.0395246557377049
1018 0.4943089823177402 0.049524655737704905
1019 0.490353311399036 0.05952465573770491
1020 0.48657103284104364 0.0695246557377049
1021 0.4829662203508647 0.07952465573770491
1022 0.479542876080961 0.0895246557377049
1023 0.47630491284470283 0.0995246557377049
1024 0.4732561357235635 0.10952465573770491
1025 0.47040022321423275 0.1195246557377049
1026 0.4677407080851526 0.1295246557377049
1027 0.4652809581317507 0.1395246557377049
1028 0.4630241570371896 0.1495246557377049
1029 0.46097328556002026 0.1595246557377049
1030 0.4591311032809692 0.1695246557377049
1031 0.45750013114752214 0.1795246557377049
1032 0.45608263505641167 0.1895246557377049
1033 0.4548806107101071 0.1995246557377049
1034 0.4538957699736802 0.2095246557377049
1035 0.45312952894288405 0.2195246557377049
1036 0.45258299791309 0.2295246557377049
1037 0.45225697341224047 0.23952465573770493
1038 0.4521519324297973 0.24952465573770488
1039 0.45226802893859297 0.2595246557377049
1040 0.4526050927685193 0.2695246557377049
1041 0.45316263085122094 0.2795246557377049
1042 0.45393983081461353 0.2895246557377049
1043 0.45493556686634207 0.2995246557377049
1044 0.45614840786743954 0.3095246557377049
1045 0.45757662746254857 0.3195246557377049
1046 0.4592182161021054 0.3295246557377049
1047 0.46107089476565316 0.3395246557377049
1048 0.46313213017453236 0.3495246557377049
1049 0.46539915126695275 0.3595246557377049
1125 0.43029131063135484 0.3771927307608976
1135 0.5194902405243047 0.0888152382614767
1136 0.5161289664415281 0.09881523826147671
1137 0.5129406495882345 0.10881523826147671
1138 0.5099285342084712 0.11881523826147672
1139 0.5070957601873635 0.1288152382614767
1140 0.5044453488733938 0.1388152382614767
1141 0.5019801888521099 0.14881523826147672
1142 0.49970302180395104 0.1588152382614767
1143 0.4976164285873207 0.1688152382614767
1144 0.49572281569441606 0.17881523826147672
1145 0.4940244022313068 0.18881523826147673
1146 0.492523207575034 0.1988152382614767
1147 0.4912210398588399 0.20881523826147672
1148 0.49011948543186895 0.21881523826147672
1149 0.48921989943173816 0.2288152382614767
1150 0.48852339759729013 0.23881523826147671
1151 0.4880308494347463 0.24881523826147672
1152 0.4877428728336274 0.25881523826147673
1153 0.48765983020954273 0.2688152382614767
1154 0.4877818262297192 0.2788152382614767
1155 0.48810870715446164 0.2888152382614767
1156 0.48864006180418734 0.2988152382614767
1157 0.48937522413787976 0.3088152382614767
1158 0.4903132774053748 0.31881523826147673
1159 0.4914530598134475 0.32881523826147674
1160 0.49279317162477 0.3388152382614767
1161 0.4943319835899757 0.3488152382614767
1162 0.49606764659671165 0.3588152382614767
1163 0.4979981024060232 0.3688152382614767
1164 0.5001210953359196 0.3788152382614767
1165 0.502434184744629 0.38881523826147674
1166 0.5049347581618837 0.3988152382614767
1167 0.507620044915486 0.4088152382614767
1168 0.5104871301022191 0.4188152382614767
1169 0.5135329687566321 0.4288152382614767
1231 0.4290569867322397 0.3360011325855743
1232 0.4343499368569655 0.34600113258557424
1233 0.43980659093691454 0.35600113258557425
1234 0.4454209326193046 0.36600113258557426
1235 0.45118707539041014 0.37600113258557427
1236 0.4570992745380945 0.3860011325855743
1237 0.4631519368060042 0.3960011325855743
1238 0.4693396279359473 0.40600113258557424
1239 0.4756570782979625 0.41600113258557425
1240 0.48209918680584257 0.42600113258557426
1241 0.4886610233103877 0.43600113258557427
1316 0.4293380899749633 0.27469034584283225
1317 0.43298035253403844 0.28469034584283226
1318 0.43682121727046497 0.29469034584283227
1319 0.4408554933703348 0.3046903458428323
1320 0.4450779215058323 0.3146903458428323
1321 0.44948319922896157 0.3246903458428323
1322 0.45406600463616836 0.3346903458428323
1323 0.458821018201437 0.34469034584283226
1324 0.4637429427177884 0.35469034584283227
1325 0.4688265213250041 0.3646903458428323
1326 0.4740665536344607 0.3746903458428323
1327 0.47945790999002774 0.3846903458428323
1328 0.4849955439271129 0.3946903458428323
1329 0.4906745029103373 0.40469034584283226
1330 0.4964899374443123 0.41469034584283226
1331 0.5024371086619774 0.4246903458428323
1332 0.5085113945013998 0.4346903458428323
1333 0.5147082945853008 0.4446903458428323
1334 0.5210234339183405 0.4546903458428323
1765 0.4354323499308754 0.36673175166253646
1766 0.4433244106125467 0.3767317516625365
1767 0.45130004954974196 0.3867317516625365
1768 0.45935491333198686 0.3967317516625365
1769 0.46748490679472715 0.40673175166253644
1770 0.47568617781002664 0.41673175166253645
1771 0.4839551027090736 0.42673175166253646
1772 0.492288272373807 0.43673175166253647
1773 0.5006824790178155 0.4467317516625365
1774 0.509134703663051 0.4567317516625365
1775 0.5176421043082763 0.46673175166253644
1833 0.43049453900024126 0.32565046409077375
1834 0.43746321496717727 0.33565046409077376
1835 0.4445476136363878 0.3456504640907737
1836 0.45174229061512006 0.3556504640907737
1837 0.45904206067699727 0.36565046409077373
1838 0.4664419897596833 0.37565046409077374
1839 0.4739373863195021 0.38565046409077375
1840 0.4815237922385035 0.39565046409077376
1841 0.48919697344948676 0.4056504640907737
1842 0.49695291041760314 0.4156504640907737
1843 0.5047877885933006 0.42565046409077373
1869 0.430647381993422 0.2844263248181384
1870 0.4364878528308838 0.2944263248181384
1871 0.44247725785631314 0.3044263248181384
1872 0.4486096318305808 0.3144263248181384
1873 0.4548791925580859 0.32442632481813843
1874 0.4612803462900009 0.33442632481813844
1875 0.4678076911772081 0.3444263248181384
1876 0.47445601901090584 0.3544263248181384
1877 0.4812203154759824 0.3644263248181384
1878 0.48809575912717273 0.3744263248181384
1879 0.49507771928158706 0.38442632481813843
1880 0.502161753004134 0.39442632481813844
1881 0.5093436013452135 0.4044263248181384
1882 0.5166191849732633 0.4144263248181384
1910 0.4323763393398258 0.2947385871967642
1911 0.4385576372127269 0.3047385871967642
1912 0.4448778523306272 0.31473858719676423
1913 0.45133114874891245 0.32473858719676424
1914 0.4579119000066656 0.33473858719676425
1915 0.4646146903665618 0.3447385871967642
1916 0.47143431445018685 0.3547385871967642
1917 0.4783657755084693 0.3647385871967642
1918 0.4854042825465396 0.37473858719676423
1919 0.49254524650149906 0.38473858719676424
1920 0.4997842756509293 0.39473858719676425
1921 0.5071171704099809 0.4047385871967642
1922 0.5145399176558872 0.4147385871967642
1923 0.5220486847009853 0.4247385871967642
1958 0.42856611947914214 0.2232583580780985
1959 0.43295498257909143 0.23325835807809847
1960 0.4375284163511125 0.24325835807809848
1961 0.4422806951352992 0.2532583580780985
1962 0.44720611742686894 0.2632583580780985
1963 0.4522990267938519 0.2732583580780985
1964 0.4575538305088447 0.28325835807809846
1965 0.4629650159439346 0.29325835807809847
1966 0.46852716480756873 0.3032583580780985
1967 0.4742349653254911 0.3132583580780985
1968 0.4800832224853528 0.3232583580780985
1969 0.4860668664767964 0.3332583580780985
1970 0.4921809594663561 0.34325835807809846
1971 0.49842070085006895 0.35325835807809847
1972 0.5047814311269035 0.3632583580780985
1973 0.5112586345336144 0.3732583580780985
1974 0.5178479405769874 0.3832583580780985
3085 0.493404104158042 0.009061953097654934
3086 0.49061696872407495 0.015061953097654932
3087 0.4887909675924873 0.019061953097654932
3088 0.4861008228752549 0.02506195309765493
3089 0.48434038650519323 0.029061953097654934
3090 0.48179262136317524 0.03496195309765494
3091 0.47769177300849547 0.04476195309765493
3092 0.47594496530586383 0.04906195309765493
3093 0.4736404437967686 0.05486195309765493
3094 0.46984617695582026 0.06476195309765494
3095 0.46623128380665313 0.07466195309765493
3096 0.46279996758859 0.08456195309765493
3097 0.46130208107052795 0.08906195309765494
3098 0.459588152588815 0.09436195309765494
3099 0.45680386381903554 0.10336195309765493
3100 0.45367588650930074 0.11416195309765492
3101 0.451016751351876 0.12406195309765494
3102 0.44975060867107225 0.12906195309765495
3103 0.44858418384958687 0.13386195309765495
3104 0.44633186083899495 0.14376195309765494
3105 0.4442887687079204 0.15366195309765493
3106 0.44245780589791833 0.16356195309765492
3107 0.44085685885556997 0.17336195309765493
3108 0.43945560640410536 0.18326195309765494
3109 0.4382735561267642 0.19316195309765494
3110 0.4373039103415381 0.20316195309765495
3111 0.4365801988180407 0.21286195309765493
3112 0.436062873906963 0.22276195309765492
3113 0.43576990488100475 0.23266195309765494
3114 0.4357013082376503 0.24246195309765495
3115 0.4358557903710813 0.2523619530976549
3116 0.43623494816440367 0.26226195309765493
3117 0.436838196589996 0.27216195309765495
3118 0.43766460903299 0.2820619530976549
3119 0.43870123090777846 0.29186195309765495
3160 0.43133313813199803 0.38641000471417447
3161 0.43577031777878217 0.39161000471417445
3162 0.4402241970442383 0.3968100047141745
3163 0.44469427415862683 0.4020100047141745
3164 0.4491800655368529 0.40721000471417446
3165 0.4536811050527838 0.4124100047141745
3166 0.4581969433422037 0.4176100047141745
3167 0.4628144044429327 0.4229100047141745
3168 0.46735882014367724 0.4281100047141745
3169 0.4719167729296275 0.43331000471417447
3170 0.47648787432476936 0.4385100047141745
3171 0.4810717495184692 0.4437100047141745
3172 0.485668036822462 0.44891000471417447
3173 0.49027638715035815 0.45411000471417445
3174 0.49979278024909646 0.4645973152506827
3175 0.5044327153678193 0.46979731525068275
3176 0.5091730177828034 0.4750973152506827
3177 0.5138345095283859 0.4802973152506827
3178 0.518506243285948 0.48549731525068274
3275 0.4312627821124143 0.3624780705395526
3276 0.4353120642462367 0.3676780705395526
3277 0.4393070093179231 0.3727780705395526
3278 0.44340362479217255 0.37797807053955257
3279 0.4475231619947929 0.3831780705395526
3280 0.4515851366900329 0.3882780705395526
3281 0.45574824379511947 0.3934780705395526
3282 0.45985179882204846 0.3985780705395526
3283 0.4640561635436531 0.4037780705395526
3284 0.4682805237951218 0.4089780705395526
3285 0.47244255113544936 0.4140780705395526
3286 0.47670495085152165 0.41927807053955257
3287 0.4809033014275216 0.4243780705395526
3288 0.48520176356529215 0.4295780705395526
3289 0.48951771919905984 0.4347780705395526
3290 0.49376722508423704 0.4398780705395526
3291 0.4981164910042305 0.4450780705395526
3292 0.5023978242069781 0.4501780705395526
3293 0.5067787089163135 0.4553780705395526
3324 0.5155691633273807 0.46567299789861527
3325 0.519993610166282 0.4708729978986153
3420 0.4361736974760594 0.32348759720214626
3421 0.4394843471023687 0.32858759720214625
3422 0.442828983159474 0.33368759720214625
3423 0.4461402943314031 0.33868759720214625
3424 0.4495499963343002 0.34378759720214624
3425 0.4529914526591288 0.34888759720214624
3426 0.4564639450825072 0.35398759720214623
3427 0.45996677068930153 0.3590875972021462
3428 0.46342969697506625 0.36408759720214623
3429 0.4669905791517214 0.3691875972021462
3430 0.4705797891904396 0.37428759720214627
3431 0.47419668384814434 0.37938759720214627
3432 0.4777689283248066 0.38438759720214627
3433 0.48143880800231775 0.38948759720214626
3434 0.4851345409561671 0.39458759720214626
3435 0.48885554083676835 0.39968759720214625
3436 0.49252755629189576 0.40468759720214625
3437 0.49629691786764596 0.40978759720214625
3438 0.5000898795846436 0.41488759720214624
3439 0.5039059085196776 0.41998759720214623
3440 0.5076690049048681 0.42498759720214624
3441 0.5115291932227889 0.43008759720214623
3442 0.51541093556231 0.4351875972021462
3443 0.5193137485906512 0.4402875972021462
3501 0.47094554618571166 0.3180711562805934
3502 0.47371705085685906 0.3230711562805934
3503 0.4764683917500452 0.3279711562805934
3504 0.479311240361872 0.3329711562805934
3505 0.482189176503992 0.3379711562805934
3506 0.4851015756910709 0.3429711562805934
3507 0.48804782095438304 0.3479711562805934
3508 0.4910273030480925 0.3529711562805934
3509 0.49397886230388216 0.3578711562805934
3510 0.49702238702436685 0.3628711562805934
3511 0.5000973805207954 0.3678711562805934
3512 0.5032032658917498 0.3728711562805934
3513 0.5063394746654509 0.3778711562805934
3514 0.5094418393387407 0.3827711562805934
3515 0.5126364447336933 0.3877711562805934
3516 0.5158597302266991 0.3927711562805934
3517 0.5191111615732458 0.3977711562805934
3518 0.5223902132221528 0.4027711562805934
3574 0.42834830861194806 0.22846386640408028
3575 0.4303530225142652 0.2334638664040803
3576 0.4324062609209198 0.2384638664040803
3577 0.4344648500973682 0.2433638664040803
3578 0.43661213504273505 0.2483638664040803
3579 0.4388058875664984 0.2533638664040803
3580 0.4410454142823269 0.2583638664040803
3581 0.443330021491796 0.26336386640408027
3582 0.44561200549629976 0.2682638664040803
3583 0.44798382776488843 0.2732638664040803
3584 0.450398668332099 0.2782638664040803
3585 0.4528558390169824 0.2832638664040803
3586 0.45535465455864405 0.2882638664040803
3587 0.45784324054717684 0.2931638664040803
3588 0.46042250532656087 0.2981638664040803
3589 0.46304139545793727 0.3031638664040803
3590 0.4656992424345146 0.3081638664040803
3646 0.510467114756991 0.31512414232242536
3647 0.5127563899078618 0.3200241423224254
3648 0.5150821056242967 0.32492414232242534
3649 0.5173952171952282 0.32972414232242536
3650 0.5197916225945869 0.3346241423224253
3651 0.5222230089363447 0.33952414232242534
3674 0.45958540271212905 -0.0015842124147678344
3675 0.4587556524706066 0.0033157875852321654
3676 0.4579768279742918 0.008215787585232167
3677 0.45724918944603526 0.013115787585232165
3678 0.45658626614124836 0.017915787585232167
3679 0.455960661369453 0.022815787585232165
3680 0.4553869244984216 0.027715787585232167
3681 0.45486525179639 0.03261578758523217
3682 0.4544048794539336 0.03741578758523217
3683 0.4539867847847623 0.04231578758523217
3684 0.4536212374292766 0.04721578758523216
3685 0.4533083645097786 0.052115787585232165
3686 0.4530530548559197 0.056915787585232164
3687 0.4528447601573227 0.061815787585232165
3688 0.45268941128505 0.06671578758523217
3689 0.45258862145369483 0.07151578758523217
3690 0.45253822662513055 0.07641578758523217
3691 0.45254088527411546 0.08131578758523217
3692 0.4525965964657073 0.08621578758523217
3693 0.4527025914572314 0.09101578758523217
3694 0.4528632493366569 0.09591578758523217
3695 0.453076846558525 0.10081578758523217
3696 0.45334330829414404 0.10571578758523216
3697 0.4536554996413357 0.11051578758523217
3698 0.4540263193279572 0.11541578758523216
3699 0.4544496726042987 0.12031578758523218
3700 0.45491518122602254 0.12511578758523217
3701 0.45544208017877214 0.13001578758523216
3702 0.45602102438947834 0.13491578758523218
3703 0.45805257824872475 0.14951578758523218
3704 0.45883651852044893 0.15441578758523217
3705 0.45967135761936306 0.15931578758523215
3706 0.4605382440095274 0.16411578758523215
3707 0.4614730116518637 0.16901578758523217
3708 0.4624578108008376 0.17391578758523216
3709 0.4634707153105296 0.17871578758523216
3710 0.4645536031914036 0.18361578758523217
3711 0.46568553394514867 0.18851578758523216
3712 0.46686615085422534 0.19341578758523217
3713 0.4680695247430567 0.19821578758523217
3714 0.4693454232022009 0.20311578758523216
3715 0.4706688778414345 0.20801578758523218
3716 0.4720394886618887 0.21291578758523216
3717 0.4734274559380011 0.21771578758523216
3718 0.4748902002816969 0.22261578758523218
3719 0.47639885454443764 0.22751578758523217
3720 0.47792081539832826 0.23231578758523216
3721 0.4795190633110065 0.23721578758523218
3722 0.48116190452520985 0.24211578758523217
3723 0.4828488838694663 0.24701578758523218
3724 0.48454378732343684 0.25181578758523215
3725 0.4863167775446392 0.25671578758523217
3726 0.48813251726254037 0.2616157875852322
3727 0.48999053123170283 0.26651578758523214
3728 0.4918511541884161 0.27131578758523217
3729 0.49379143792105096 0.2762157875852322
3730 0.49577255919605034 0.28111578758523215
3731 0.4977940304377539 0.28601578758523216
3732 0.4998128989123971 0.2908157875852322
3733 0.5019128013976892 0.29571578758523215
3734 0.5040515911040638 0.30061578758523216
3735 0.5061839622847498 0.3054157875852322
9630 0.12377924628375926 0.033812673566284396
9631 0.12281530229337162 0.0349126735662844
9632 0.12124293540978559 0.036712673566284396
9633 0.11959017895390364 0.0386126735662844
9634 0.11932989030605405 0.038912673566284396
9635 0.11425046380187166 0.0448126735662844
9636 0.11000999401302633 0.049812673566284396
10152 0.09449258080115591 0.01584600043965066
10153 0.09444003949345799 0.01590300043965066
10154 0.09441515331114089 0.01593000043965066
10155 0.09436077643924586 0.01598900043965066
10156 0.09433312931330079 0.016019000439650658
10157 0.09428521103615572 0.016071000439650658
10158 0.09422900472769355 0.01613200043965066
10159 0.0942105777280525 0.01615200043965066
10160 0.09419123006909526 0.01617300043965066
10161 0.09415990678907968 0.01620700043965066
10162 0.09411568885071352 0.016255000439650658
10163 0.0940696324408076 0.01630500043965066
10164 0.09405167982214703 0.01632449143965066
10165 0.09399918222199907 0.016381491439650658
10166 0.09397431676877954 0.01640849143965066
10167 0.09396555980507117 0.016418000439650658
10168 0.09391998525099979 0.01646749143965066
10169 0.09390294197030401 0.01648600043965066
10170 0.09389236121661128 0.01649749143965066
10171 0.09384448301305251 0.01654949143965066
10172 0.0937883237920818 0.016610491439650658
10173 0.09377496707360813 0.01662500043965066
10174 0.09376991224934628 0.01663049143965066
10175 0.09375058082992295 0.01665149143965066
10176 0.09371928386375376 0.01668549143965066
10177 0.0936751031191693 0.01673349143965066
10178 0.09364794395201753 0.01676300043965066
10179 0.09362908550867792 0.01678349143965066
10180 0.09352510077026961 0.01689649143965066
10181 0.09352187205691541 0.016900000439650658
10182 0.09346253597063885 0.016964491439650658
10183 0.09340411006948847 0.017028000439650658
10184 0.09335259767538316 0.017084000439650658
10185 0.09333466981534232 0.017103491439650658
10186 0.09325050804304255 0.017195000439650658
10187 0.09320775509494313 0.01724149143965066
10188 0.09315119715412613 0.01730300043965066
10189 0.09308179125351389 0.01737849143965066
10190 0.09304363220529918 0.017420000439650658
10191 0.09296413061768391 0.01750649143965066
10192 0.09293057568866996 0.01754300043965066
10193 0.09291266268578591 0.01756249143965066
10194 0.09281066140216988 0.01767349143965066
10195 0.09280468072472128 0.017680000439650657
10196 0.09277987302027194 0.01770700043965066
10197 0.09271143675364737 0.01778149143965066
10198 0.09267054996466821 0.017826000439650658
10199 0.09260396554428794 0.01789849143965066
10200 0.09257227146139017 0.01793300043965066
10201 0.09255574052977411 0.017951000439650658
10202 0.09249100792610218 0.01802149143965066
10203 0.09247401231853498 0.01804000043965066
10204 0.09245840283926621 0.01805700043965066
10205 0.09237393652672803 0.018149000439650658
10206 0.09236522354387572 0.01815849143965066
10207 0.0923404376861214 0.018185491439650658
10208 0.09228581312464161 0.01824500043965066
10209 0.09224726407990594 0.01828700043965066
10210 0.0922312111273551 0.01830449143965066
10211 0.09220412943762316 0.01833400043965066
10212 0.09217659866350329 0.018364000439650658
10213 0.09213714057598203 0.01840700043965066
10214 0.09213301968273913 0.018411491439650658
10215 0.09211650342381408 0.01842949143965066
10216 0.09209585062451055 0.01845200043965066
10217 0.09204538985156678 0.01850700043965066
10218 0.09203484787677568 0.018518491439650658
10219 0.09201925229915048 0.01853549143965066
10220 0.09197933997861223 0.018579000439650658
10221 0.09193486134157522 0.01862749143965066
10222 0.09185735470126836 0.01871200043965066
10223 0.09184681679186794 0.018723491439650658
10224 0.09180830231626433 0.01876549143965066
10225 0.09176520641000403 0.01881249143965066
10226 0.09173770038949766 0.01884249143965066
10227 0.09172439812207632 0.01885700043965066
10228 0.09169827782093268 0.01888549143965066
10229 0.09165702508945422 0.01893049143965066
10230 0.09160660987578131 0.01898549143965066
10231 0.09154061975763447 0.01905749143965066
10232 0.0914187452004856 0.01919049143965066
10233 0.09128590983587684 0.01933549143965066
10234 0.09121630058244197 0.01941149143965066
10235 0.09119340503209958 0.01943649143965066
10236 0.0911256406856981 0.019510491439650657
10237 0.09112197802442232 0.019514491439650658
10238 0.0910926777557783 0.01954649143965066
10239 0.09105513944274432 0.019587491439650658
10240 0.09102126596819454 0.01962449143965066
10241 0.09099563360614195 0.01965249143965066
10242 0.09094254244079743 0.01971049143965066
10243 0.09091233807579197 0.019743491439650658
10244 0.09085834117898144 0.019802491439650658
10245 0.0907668352395567 0.019902491439650657
10246 0.0907082808495143 0.01996649143965066
10247 0.09065522229241608 0.020024491439650658
10248 0.09062869528462758 0.02005349143965066
10249 0.09058936492528025 0.02009649143965066
10250 0.09053357641950782 0.02015749143965066
10251 0.09046773634829759 0.02022949143965066
10252 0.09038910635208493 0.020315491439650658
10253 0.09033608440341838 0.02037349143965066
10254 0.09027758453022024 0.020437491439650658
10255 0.09021360884554562 0.02050749143965066
10256 0.09010304342941787 0.02062849143965066
10257 0.09009116609597573 0.020641491439650658
10258 0.08995048900172802 0.02079549143965066
10259 0.08981350788196035 0.02094549143965066
10260 0.08969756309636248 0.02107249143965066
10261 0.08958438609077277 0.021196491439650657
10262 0.08950408432443878 0.02128449143965066
10263 0.08944021826383418 0.02135449143965066
10264 0.08933713958919919 0.021467491439650658
10265 0.08927512151744144 0.02153549143965066
10266 0.08916661088046478 0.021654491439650658
10267 0.08909458920057405 0.02173349143965066
10268 0.08901528788437726 0.02182049143965066
10269 0.08895422656589372 0.021887491439650658
10270 0.08888952913273018 0.02195849143965066
10271 0.08887495075810659 0.02197449143965066
10272 0.08881117612430271 0.02204449143965066
10273 0.08876107406553094 0.02209949143965066
10274 0.0886754585317651 0.02219349143965066
10275 0.08862264040318255 0.022251491439650658
10276 0.08851975474960133 0.02236449143965066
10277 0.08843145667131097 0.02246149143965066
10278 0.08836410752132534 0.022535491439650657
10279 0.08824945645287133 0.02266149143965066
10280 0.08811482652929653 0.02280949143965066
10281 0.08801842878030249 0.02291549143965066
10282 0.08790659872621513 0.02303849143965066
10283 0.08777753127433055 0.02318049143965066
10284 0.08773845534990797 0.02322349143965066
10285 0.08764396132935104 0.02332749143965066
10286 0.08760126436745556 0.02337449143965066
10287 0.0874895463894714 0.02349749143965066
10288 0.08747319995635822 0.02351549143965066
10289 0.08733065030818556 0.02367249143965066
10290 0.08722082106674442 0.02379349143965066
10291 0.08712826072818085 0.023895491439650658
10292 0.0870357214911135 0.02399749143965066
10293 0.08692506511335621 0.02411949143965066
10294 0.08688516370882325 0.02416349143965066
10295 0.08675641803182799 0.024305491439650658
10296 0.08669387345633629 0.024374491439650658
10297 0.08665127624068392 0.02442149143965066
10298 0.08658059304413462 0.024499491439650658
10299 0.08649542744229993 0.024593491439650658
10300 0.08645285150706272 0.02464049143965066
10301 0.08639941161310842 0.02469949143965066
10302 0.08630975755685963 0.02479849143965066
10303 0.08627987741260842 0.02483149143965066
10304 0.08616581053133329 0.024957491439650658
10305 0.08605268183811837 0.025082491439650658
10306 0.08601015395177763 0.02512949143965066
10307 0.08593144441430044 0.02521649143965066
10308 0.08586179529736529 0.025293491439650657
10309 0.08573971355479515 0.02542849143965066
10310 0.08553858135064094 0.02565100043965066
10311 0.08548978519075179 0.02570500043965066
10312 0.08547261765997649 0.02572400043965066
10313 0.08539130832301553 0.02581400043965066
10314 0.08536601564176882 0.02584200043965066
10315 0.08534162787169608 0.02586900043965066
10316 0.08529285705304823 0.025923000439650658
10317 0.08522693615541994 0.025996000439650658
10318 0.08512852782466901 0.02610500043965066
10319 0.0850797846381625 0.026159000439650658
10320 0.0850463901953358 0.02619600043965066
10321 0.08501390117059927 0.026232000439650658
10322 0.08498141497546115 0.02626800043965066
10323 0.08491554889064686 0.02634100043965066
10324 0.08483436020191121 0.02643100043965066
10325 0.08480098778934601 0.026468000439650658
10326 0.08475228751207532 0.02652200043965066
10327 0.08471982422973143 0.026558000439650658
10328 0.08467023307037333 0.026613000439650657
10329 0.08465400468781673 0.026631000439650658
10330 0.08463777702172035 0.02664900043965066
10331 0.08458098583846074 0.02671200043965066
10332 0.08454763638675591 0.026749000439650658
10333 0.0844989696686756 0.02680300043965066
10334 0.0844412989921951 0.026867000439650658
10335 0.08436021504807267 0.026957000439650658
10336 0.08429446025169966 0.027030000439650658
10337 0.08423682202900881 0.02709400043965066
10338 0.08421250865986143 0.02712100043965066
10339 0.0841557838357809 0.02718400043965066
10340 0.08408196490883027 0.027266000439650658
10341 0.08401626082549779 0.02733900043965066
10342 0.08399196236746947 0.027366000439650658
10343 0.08395146860580996 0.027411000439650657
10344 0.08390198246613156 0.02746600043965066
10345 0.08389388538799371 0.02747500043965066
10346 0.08383721099679586 0.02753800043965066
10347 0.08377155197254958 0.02761100043965066
10348 0.08373108328824766 0.02765600043965066
10349 0.08367353579863228 0.027720000439650658
10350 0.08361689664937608 0.02778300043965066
10351 0.08359262551513005 0.027810000439650658
10352 0.08357644568899977 0.027828000439650658
10353 0.08354318949613743 0.02786500043965066
10354 0.08351083514236124 0.02790100043965066
10355 0.083486571335844 0.027928000439650658
10356 0.0834452368703148 0.02797400043965066
10357 0.0833967200363636 0.02802800043965066
10358 0.08338054925650924 0.028046000439650658
10359 0.08333922733770179 0.02809200043965066
10360 0.08329072525633215 0.02814600043965066
10361 0.0832503120262002 0.02819100043965066
10362 0.08318476280322017 0.02826400043965066
10363 0.08316860188870291 0.028282000439650658
10364 0.0831039657904229 0.02835400043965066
10365 0.0830869110617516 0.02837300043965066
10366 0.08305459915483628 0.02840900043965066
10367 0.08300523960236054 0.02846400043965066
10368 0.0829729353731227 0.02850000043965066
10369 0.08292448473709717 0.02855400043965066
10370 0.08291641029771994 0.028563000439650658
10371 0.08284285197031138 0.02864500043965066
10372 0.08276123874276403 0.02873600043965066
10373 0.08269667952349119 0.02880800043965066
10374 0.08266350803947414 0.02884500043965066
10375 0.08263930387311197 0.028872000439650658
10376 0.08256580555258711 0.02895400043965066
10377 0.08248515511299837 0.02904400043965066
10378 0.08241975286412662 0.02911700043965066
10379 0.08239556622430629 0.02914400043965066
10380 0.08233018147430715 0.02921700043965066
10381 0.08225675086889486 0.02929900043965066
10382 0.08220840297675233 0.02935300043965066
10383 0.08214305498431629 0.02942600043965066
10384 0.0820947236711171 0.02948000043965066
10385 0.0820616118524263 0.029517000439650658
10386 0.08202134520082051 0.029562000439650658
10387 0.08201329246103303 0.02957100043965066
10388 0.08196408555564864 0.02962600043965066
10389 0.08194798307748181 0.02964400043965066
10390 0.08185049051546768 0.029753000439650658
10391 0.08181024976344073 0.029798000439650658
10392 0.08173693493318451 0.02988000043965066
10393 0.08170475314973266 0.029916000439650658
10394 0.08163950543350357 0.029989000439650658
10395 0.08160733331272482 0.03002500043965066
10396 0.10265525399999999 0.011027999588516744
10397 0.101653954 0.012029299588516744
10398 0.100627454 0.013055799588516744
10399 0.100205354 0.013477899588516744
10400 0.099700804 0.013982449588516745
10401 0.099243754 0.014439499588516744
10402 0.09870070399999999 0.014982549588516744
10403 0.098259754 0.015423499588516746
10404 0.097737204 0.015946049588516743
10405 0.09725090399999999 0.016432349588516745
10406 0.09677475399999999 0.016908499588516743
10407 0.096216354 0.017466899588516743
10408 0.09574195399999999 0.017941299588516743
10409 0.09520585399999999 0.018477399588516744
10410 0.09473640399999998 0.018946849588516744
10411 0.094274604 0.019408649588516746
10412 0.09374595399999999 0.019937299588516744
10413 0.09322080399999999 0.020462449588516743
10414 0.092706204 0.020977049588516743
10415 0.092293854 0.021389399588516746
10416 0.09163820399999999 0.022045049588516743
10417 0.091219254 0.022463999588516744
10418 0.09077600400000001 0.022907249588516743
10419 0.090274354 0.023408899588516743
10420 0.089728954 0.023954299588516744
10421 0.089166104 0.024517149588516744
10422 0.088784554 0.024898699588516746
10423 0.088272554 0.025410699588516744
10424 0.087791704 0.025891549588516746
10425 0.087297154 0.026386099588516745
10426 0.086756604 0.026926649588516743
10427 0.086277454 0.027405799588516744
10428 0.085773354 0.027909899588516744
10429 0.085161154 0.028522099588516744
10430 0.084819804 0.028863449588516745
10431 0.08381915399999999 0.029864099588516744
10432 0.082767454 0.030915799588516743
10433 0.08173895399999999 0.031944299588516745
10449 0.12370000000000002 0.02163412263650822
10450 0.12300000000000003 0.02233412263650822
10451 0.12220000000000002 0.02313412263650822
10452 0.12100000000000001 0.02433412263650822
10453 0.12010000000000001 0.025234122636508222
10454 0.11910000000000001 0.02623412263650822
10455 0.11810000000000001 0.02723412263650822
10456 0.11710000000000001 0.02823412263650822
10457 0.11610000000000001 0.02923412263650822
10458 0.11520000000000001 0.03013412263650822
10459 0.11420000000000001 0.03113412263650822
10460 0.11310000000000002 0.03223412263650822
10461 0.11210000000000002 0.03323412263650822
10462 0.11100000000000002 0.03433412263650822
10463 0.11020000000000002 0.03513412263650822
10464 0.10910000000000002 0.03623412263650822
10465 0.10800000000000001 0.03733412263650822
10466 0.10710000000000001 0.03823412263650822
10467 0.10620000000000002 0.03913412263650822
10468 0.10600000000000001 0.03933412263650822
10469 0.10410000000000003 0.04123412263650822
10470 0.10210000000000001 0.04323412263650822
10471 0.1009 0.04443412263650822
10472 0.10010000000000001 0.04523412263650822
10473 0.121968741 0.013484000422002127
10474 0.121726241 0.013726500422002127
10475 0.12148474100000001 0.013968000422002127
10476 0.121189741 0.014263000422002127
10477 0.12097874100000001 0.014474000422002127
10478 0.120726741 0.014726000422002127
10479 0.120442241 0.015010500422002127
10480 0.120220741 0.015232000422002127
10481 0.119968741 0.015484000422002129
10482 0.119715741 0.01573700042200213
10483 0.119452741 0.016000000422002128
10484 0.119179241 0.016273500422002127
10485 0.11894724100000001 0.016505500422002127
10486 0.118705741 0.01674700042200213
10487 0.118452741 0.01700000042200213
10488 0.11816824100000001 0.01728450042200213
10489 0.117926741 0.017526000422002128
10490 0.117673741 0.017779000422002127
10491 0.117431241 0.018021500422002127
10492 0.11716874100000002 0.018284000422002126
10493 0.116926241 0.01852650042200213
10494 0.11668474100000001 0.018768000422002128
10495 0.116431741 0.019021000422002127
10496 0.11616824100000002 0.019284500422002127
10497 0.11593724100000001 0.01951550042200213
10498 0.115694741 0.01975800042200213
10499 0.11542074100000001 0.02003200042200213
10500 0.115189741 0.020263000422002127
10501 0.114926241 0.020526500422002127
10502 0.11467424100000001 0.020778500422002126
10503 0.114431741 0.02102100042200213
10504 0.11419974100000001 0.02125300042200213
10505 0.113947741 0.021505000422002127
10506 0.113684241 0.021768500422002127
10507 0.113441741 0.022011000422002127
10508 0.11315824100000002 0.022294500422002126
10509 0.11293674100000001 0.02251600042200213
10510 0.11267424100000001 0.022778500422002128
10511 0.11242124100000002 0.023031500422002128
10512 0.11218924100000001 0.023263500422002127
10513 0.11192674100000001 0.023526000422002126
10514 0.111673741 0.02377900042200213
10515 0.111442241 0.02401050042200213
10516 0.111200241 0.024252500422002127
10517 0.11093674100000002 0.024516000422002127
10518 0.11070574100000001 0.024747000422002126
10519 0.11045274100000001 0.02500000042200213
10520 0.110210241 0.02524250042200213
10521 0.109947741 0.025505000422002128
10522 0.109694741 0.025758000422002127
